153.500000
310.000000
378.500000
448.000000
500.000000
526.000000
550.500000
582.000000
722.000000
799.000000
903.000000
970.000000
1233.500000
1266.000000
1490.500000
1691.500000
1723.500000
1906.000000
2010.500000
2177.500000
2268.500000
2502.000000
2536.500000
2782.500000
2832.000000
3160.000000
3321.000000
3503.500000
3535.000000
3574.000000
3605.000000
3634.000000
3790.000000
3841.500000
3890.500000
3968.500000
4099.000000
4146.500000
4178.500000
4250.500000
4383.000000
4473.000000
4609.000000
4663.000000
4725.000000
4838.500000
4894.000000
5152.500000
5208.000000
5235.500000
5324.000000
5358.500000
5441.000000
5472.000000
5750.500000
5890.500000
6030.500000
6171.000000
6228.000000
6321.500000
6346.000000
6427.000000
6454.000000
6494.500000
6548.000000
6582.500000
6833.000000
7124.000000
7197.500000
7363.000000
7404.000000
7495.000000
7704.000000
7794.000000
7816.000000
7879.500000
7964.500000
8138.000000
8278.500000
8402.000000
8469.500000
8575.500000
8615.000000
8783.500000
8837.000000
8927.500000
9000.000000
9069.000000
9144.000000
9256.500000
9295.500000
9344.500000
9420.000000
9528.500000
9586.500000
9744.000000
9907.500000
10084.500000
10199.000000
10276.500000
10555.000000
10625.000000
10660.000000
10742.500000
10856.500000
10934.500000
10958.500000
11010.500000
11173.500000
11220.500000
11419.500000
11543.000000
11667.500000
11864.000000
12091.000000
12118.000000
12368.500000
12392.500000
12447.000000
12554.500000
12900.000000
12955.500000
12979.000000
13033.500000
13066.500000
13125.500000
13305.500000
13374.000000
13458.000000
13501.000000
13639.500000
13692.000000
13760.500000
13781.000000
13849.500000
13970.500000
13996.500000
14050.500000
14126.500000
14253.500000
14277.500000
14334.500000
14373.500000
14405.000000
14427.000000
14482.000000
14527.500000
14577.000000
14759.000000
14813.500000
14869.000000
14923.500000
14995.000000
15140.500000
15211.000000
15328.500000
15376.000000
15400.000000
15494.000000
15532.500000
15587.500000
15630.000000
15668.000000
15735.000000
15844.000000
16067.500000
16120.500000
16182.000000
16258.500000
16286.500000
16366.500000
16405.500000
1184.500000
1339.000000
2463.000000
5763.000000
6264.000000
9554.000000
