112
349
357
12080
5152
5160
8643
14242
5443
4431
13768
4443
16262
13767
16116
15219
5206
5323
16071
13925
14502
13101
16072
5451
16079
14366
16074
16075
16078
16073
16047
14154
14161
3237
16070
15123
16034
15068
15741
3591
13923
3432
16068
15440
15540
15968
11519
12987
11432
15949
14306
14822
14552
15607
16076
16077
13030
13405
13411
16069
13483
13920
13924
15576
16035
13239
15448
12767
12662
13537
15441
6025
14424
9179
13799
13808
15893
15434
13057
14162
14258
10976
13447
14103
15611
11272
13989
13990
13994
14005
14096
14182
15208
14344
15270
14101
14077
14288
14874
14135
15586
13777
14146
13805
15055
13838
13852
14345
12304
15154
15144
14285
16284
9925
15865
15918
14380
14388
14816
13061
13564
15447
15451
14693
10546
14000
13050
14393
14006
14566
14120
14335
14587
14596
14809
13903
14261
12300
15900
14943
13464
15239
15056
15435
14531
15946
14931
14598
14245
15276
14060
12063
15957
15930
13118
15383
15405
14290
13677
15128
15372
12392
16080
14560
12396
13620
13688
14568
15609
13415
14895
15093
13477
15882
13468
13451
13475
15167
15926
15378
12263
13723
13487
13644
11847
12977
11426
14814
15998
11440
10997
11004
13985
12763
15439
14433
15939
13096
13395
16065
13474
15237
15913
13546
15381
13724
15036
8196
14813
8206
15310
15916
15429
15552
14359
13810
15437
15013
13722
14053
13107
12365
13987
12364
15945
16053
14108
14110
13806
15236
13532
13794
14181
12561
15287
13795
13844
12388
14805
13581
14536
15382
13760
15389
13385
13905
15761
9749
13887
12283
15698
15642
16285
9560
16276
16283
11423
15604
14315
15927
13787
13374
16020
12432
11312
15496
15504
15730
15213
15568
15519
14564
14337
11434
13095
14115
15444
12215
15911
12393
14849
13573
14771
15271
15783
16037
16333
11614
13433
15340
13998
13476
16280
15542
13383
13967
16067
13407
13341
16381
13410
16066
15261
16162
13359
15652
10844
13531
14906
13770
8290
16371
13791
13153
14619
13382
13667
15802
13358
15633
12085
13338
12821
15515
14118
15664
15127
14127
11498
12399
12894
15482
14068
14505
15603
13138
13444
13446
14381
14812
13590
13594
13460
13448
13425
15422
13718
15727
15585
13980
13759
15879
13237
13997
15826
12984
13962
15731
15539
15958
15738
13730
13575
13877
15662
15663
13886
13513
13580
16084
16236
13378
15369
15656
16085
14817
15363
15938
13550
15990
9215
13699
13991
15638
13304
15846
15610
15855
15658
14897
15503
14903
13563
16354
14576
13833
15312
15438
13155
13333
13816
14281
12909
15322
15323
13058
14425
13627
14429
14273
13148
13851
13154
13865
13684
14083
13964
9502
13735
13052
13055
15537
10166
12972
13951
13942
13953
14141
14147
15812
11536
15183
15338
14439
13756
15557
15744
15026
15194
15801
15897
15895
15360
15077
14622
14959
11868
14435
13753
13761
13766
12829
15570
14760
14981
13206
13059
14859
14868
14125
14129
14138
14152
13773
15530
15546
13781
15373
14133
15837
14119
15543
15159
15028
15860
13984
14369
15786
13811
14450
15572
13792
15854
14414
14413
14422
14421
15844
15355
15390
15525
14252
14791
15522
15665
16319
576