105
299
306
463
471
478
488
493
504
537
544
547
585
633
708
898
1417
1491
1672
1691
1741
1753
1771
1840
1906
1907
1989
2059
2068
2333
2334
2540
2781
2818
3167
3173
3212
3233
3255
3256
3263
3270
3272
3311
3326
3393
3418
3432
3486
3549
3571
3575
3591
3614
3692
3742
3826
3963
4048
4069
4141
4351
4376
4398
4458
4469
4486
4882
5042
5173
5195
5328
5330
5440
5561
5671
5745
5772
5773
5781
5782
5785
5787
5788
5789
5793
5795
5798
5803
5836
5987
6003
6019
6023
6062
6074
6076
6084
6124
6128
6172
6173
6175
6189
6203
6215
6218
6226
6238
6310
6320
6326
6329
6331
6341
6380
6416
6422
6423
6428
6429
6437
6453
6464
6466
6469
6476
6504
6521
6527
6533
6537
6551
6555
6572
6577
6585
6587
6601
6625
6634
6750
6753
6759
6790
6836
6843
6851
6862
6919
6927
6935
6940
6961
7057
7067
7098
7099
7113
7115
7116
7122
7125
7127
7128
7182
7185
7188
7193
7201
7204
7212
7215
7218
7235
7265
7267
7268
7277
7288
7289
7322
7323
7329
7331
7337
7338
7347
7350
7360
7366
7367
7370
7372
7374
7387
7396
7399
7400
7401
7402
7403
7404
7406
7407
7409
7410
7414
7428
7429
7431
7439
7440
7443
7448
7449
7450
7452
7453
7460
7461
7462
7465
7469
7470
7471
7472
7477
7479
7485
7491
7493
7494
7495
7506
7508
7517
7524
7527
7529
7539
7547
7553
7562
7563
7623
7626
7629
7632
7635
7638
7644
7662
7667
7669
7671
7677
7682
7694
7695
7696
7697
7705
7719
7723
7728
7733
7755
7756
7775
7777
7779
7792
7794
7795
7804
7805
7808
7811
7813
7814
7815
7817
7818
7819
7820
7821
7823
7824
7828
7829
7841
7845
7846
7850
7853
7857
7869
7870
7885
7889
7899
7904
7912
7914
7915
7919
7920
7921
7922
7923
7931
7933
7945
7949
7958
7959
7961
7962
7964
7967
7975
7978
7982
7983
7989
7990
7991
7992
7995
7997
7998
8019
8030
8031
8032
8033
8034
8036
8049
8053
8055
8058
8076
8083
8093
8095
8113
8134
8137
8143
8151
8156
8170
8175
8176
8198
8208
8211
8213
8220
8222
8231
8232
8233
8239
8240
8244
8250
8253
8254
8256
8257
8259
8261
8262
8263
8264
8268
8269
8271
8278
8280
8281
8287
8289
8291
8292
8294
8295
8299
8304
8305
8308
8310
8312
8316
8327
8344
8372
8373
8380
8385
8387
8394
8395
8398
8408
8412
8417
8418
8420
8421
8426
8428
8437
8439
8441
8461
8464
8467
8468
8470
8475
8476
8477
8479
8482
8483
8484
8491
8503
8518
8527
8536
8547
8553
8555
8561
8562
8563
8564
8569
8571
8572
8576
8577
8580
8583
8587
8588
8601
8612
8617
8623
8624
8630
8631
8635
8637
8640
8645
8648
8651
8662
8663
8664
8697
8707
8711
8712
8723
8728
8775
8777
8810
8813
8815
8817
8823
8825
8830
8838
8893
8904
8905
8933
8989
8992
8993
8996
9009
9016
9021
9070
9079
9084
9087
9137
9143
9144
9180
9191
9194
9238
9246
9253
9258
9268
9281
9320
9345
9351
9357
9417
9436
9440
9444
9484
9486
9490
9497
9514
9515
9532
9537
9538
9574
9576
9587
9591
9603
9609
9622
9625
9659
9665
9698
9729
9744
9773
9799
9816
9845
9860
9923
9924
9966
9995
9998
10004
10051
10063
10071
10080
10104
10154
10169
10186
10191
10198
10207
10367
10370
10418
10497
10559
10587
10598
10625
10668
10676
10746
10749
10758
10925
10935
10939
10940
10943
10946
10951
10952
10953
10961
10969
10984
11035
11036
11065
11232
11237
11240
11258
11368
11479
11514
11648
11668
11680
11731
11739
11986
12021
12084
12103
12104
12112
12113
12122
12203
12439
12544
13761
14786
14927
15497
15643
16164
16266