305.5
451.5
470.5
501.5
554.5
797
970.5
1689
2069
3506
3521
3540
3578.5
3897.5
3973.5
4495.5
5449
5904
6436
6559.5
7408
7817.5
8274.5
8477
8617
9522.5
9578
10199
10279.5
10936
11238
11524.5
12098
12387.5
12555.5
12970
13018
13027.5
13059
13119.5
13135.5
13441
13691
13773
13983.5
14061.5
14123
14239
14255.5
14275.5
14348
14418
14530.5
14635
14762.5
14811.5
15529
16180
16256.5
16538
1706.5
379
3496
3590.5
7128
7496
7811.5
8838
8996
13849
16402
