307.5
365
456.5
497.5
547
581
950.5
953.5
964.5
1238
1688
2067.5
3492
3508
3520.5
3576
4152
4240.5
4381.5
4446
4472.5
4482.5
4488.5
4810.5
4894
5205
5221.5
5313
5332.5
5370.5
5447
5476
5882.5
6184.5
6430.5
6448
6554
6834
7406.5
7479.5
7815.5
7951
7958
8278
8403.5
8420.5
8475
8569
8593
8614
8918.5
8936
9242
9246
9524
9542.5
9569.5
9583.5
9596
10178.5
10183.5
10199
10281
10292.5
10620
10944
11145.5
11226.5
11418
11525
11540
11672.5
11862.5
12090.5
12364
12386.5
12552
12557
12956
12972.5
13046.5
13133
13139.5
13143.5
13638.5
13651
13665
13685.5
13766.5
13794
13936
13988
14058
14143.5
14238
14250.5
14260
14274.5
14348
14378.5
14387.5
14391
14404.5
14422.5
14526.5
14543
14546.5
14623.5
14632
14761.5
14812.5
15378
15395.5
15515.5
15537.5
15652
16186
16253.5
16264
16273
16280.5
16365.5
