68.5
527
580.5
718
1096.5
1236
1385
1487.5
1901
1913
3965
4141.5
4254.5
4468
4806
4826.5
4837
5225
5244.5
5889
5898
6164.5
6181
6453
6595.5
7106.5
7225
8026.5
8220.5
8402.5
8558.5
8629.5
10864
10879
11151
11229.5
11420.5
11514
11537
11680
11866.5
12424
12438
12964
13638
13642.5
13746
13942.5
13972
14155.5
14395
14436.5
15274.5
15667
3635
3842.5
7705
7974
8783.5
9285
9424
10555
11010.5
14869
14923.5
14995
15494.5
15980
182
189
233
615
1340
1351
1983
